cpf
065607030808
809099422727
502379492828
746297340606
657197808686
211437782020
282564244040
394205657070
481152358282
095169362828
623218660505
138551994747
771411793939
068489858989
151022702222
377902782626
199963551414
321085277878
028644964848
357806275353
515223566262
376410251818
133969477171
291418050101
601641581111
541205365959
435133961515
330373727878
859653188585
809837265656
661288160808
484523622020
934165068585
566345083939
874019001212
446059872626
188507462828
463051890909
901293795252
123787866161
244562903636
137145800707
318586790404
476350433636
326530219090
385718115555
853153124848
995550699999
170624445858
399426487575
590330247979
725712714646
941930120707
020974487575
726716367373
393268743131
706604775959
891761675050
297285812121
865972827474
931452304343
116162448484
192103077575
082695221515
905292554949
904147811515
178840833838
205978032020
529768004949
979492302626
833944347373
647238443333
944264652222
565436025151
697445826060
224948386262
382065197070
505949391010
868932543030
905197005151
526878564444
026555512222
744997787070
934438110000
945015634040
942036300808
428414348787
722778449797
709419001717
483211691515
265045138989
234722032020
086933019797
559304411111
432163617979
367388862323
432758926262
363733426161
839187872222
485012017676
783250412727
011519988080
980548252727
624106820202
251376216363
873106264040
961505741919
561714242727
880158046565
384826241919
247147220707
161348779999
192385324040
463883944040
756577083030
602103114444
553193765858
910409644040
137599126969
004310864040
810834430101
365607668888
832221845757
632229900000
298603134646
475893320101
538446890404
736660983535
171262013131
998555860000
416456168080
651295564848
242085422323
271333332424
722919176363
633367371313
452543266161
515162070303
602684898686
768916231111
199189012323
177218670808
490011266060
434561718181
442357333131
462431215050
352077821010
480257444040
674723867676
281445443636
030178607474
837484443131
092191510202
626204093232
289186073737
044938802424
107322757373
810828867777
579545482424
383052814747
634402286262
967800010606
720372737171
029593299898
723630490505
783262107272
348194017777
281862252020
189987449898
899664840000
409952034646
187986137676
980283299797
508514912020
296266304040
581528010101
732063079898
042133993131
025007872222
276909239393
090130086666
390005397272
724113686666
857135737878
719955515151
781798881010
921769451616
650543702727
638297498989
143118374848
757572002020
952742132020
790440270000
864395073131
361684483232
092137442727
758164181212
807864937575
019692281919
083146777474
747391439393
556466730101
430706923131
112845453737
178735685555
658563704242
390410209797
515019970303
079340182626
560410074545
302411790303
495380320505
193423423838
601410303939
351368715555
758104655454
008365874949
473330710202
879149400101
757923012525
918270587272
215056169999
452046750000
369093622323
667825676464
261395460404
569326490505
208496540303
022715110101
154739797070
078078631818
053196575454
634178547373
650101516767
180451640707
685551675656
818528460101
980652193232
968952637979
703700131616
847235487777
840482640404
359782117474
385094623939
171675708080
088819981212
931735694646
582287328989
882993983535
919447943434
192734985656
476360089595
212429383131
670759189696
561171891313
836947066666
614895165252
535142985959
894935035757
455092765353
083385183434
444666625353
706485086363
907504706666
991094970909
405700613030
097663767070
858590532626
565580623939
413549716565
074209864444
341129598080
488359194444
287072820404
990687329090
764649761313
395238270202
922163293535
382285795050
619784978282
443594413535
271480305454
352834020808
032565840505
364598450000
046167179696
329927381616
345179793030
096637542222
994004148181
231518176868
181504947676
744384442323
216052771717
220011446464
514019864545
751154471010
661227593333
089974409797
136653754444
626082000404
085114120000
991357851414
185191315252
312855249797
347113389797
582389149292
083130235151
679516049393
502096254242
361323700909
850243920000
891447270101
953630746969
711984489191
371552284040
146034166464
959354867373
535073744545
006269714141
709559709191
128420724949
115699151919
831864561717
113445816363
483835304545
876315984444
768550018686
482342223333
360376002424
777727605656
509176734343
685365569090
367688127777
862229475252
881883860202
030341875959
705894634141
942514149797
128048280000
758953220707
867546580808
198191259494
763168957575
528766383535
968615720505
273846643232
537029514646
640455150101
058083220202
767666703535
495042686363
933351343131
687890136161
135960189090
933163489999
881634068484
180685510000
188692061212
895009736767
293156210707
822908782020
065113784141
872982019999
786301205353
917416631919
429568094646
124301969999
038778280000
532646681212
208969543636
756155728383
320717728282
473890102626
626908705353
039121963131
941604995151
991915658585
898407602121
204259751010
074877627777
075210789797
537270902020
582773887979
128280247373
923720743030
035716645656
499873734848
239857215959
597992695555
236896770303
746305181010
120709649292
959529813939
464175290808
369662671515
981242038282
614153099292
426737816363
517580806565
554512889393
722767595050
085717569898
663524610000
424321705555
727115474040
757198267070
532668612929
506677640101
470929810707
513342821818
582852824242
085454110202
489142770101
898230443333
661959163636
115419849090
096830021818
440697564747
156455153636
432371484646
522931079292
260175293636
853419859696
197870806262
403215411111
956030450000
608170600202
322290100707
161398488282
886683207777
413382482020
261141106363
523116996464
173762043737
865243535454
745769167070
632295990505
912189651717
468743511313
389412655353
211384084343
739390442828
971751890404
005860102121
508032370202
111048774242
396143628585
861294527979
672355497777
554174016363
146338364545
310892793838
705252974949
957376415151
848292939090
549822084343
141745360606
803574474343
450501560303
257163840909
239201894040
902774998484
893518382020
699669302929
227454937474
062863844949
476327666767
159176868686
973776418080
060195162828
428723969797
081444341818
537585004040
744916179898
988038188585
856308932121
693318303030
801274447777
017654580909
872418310505
397164732222
612437560505
579596625353
248174701010
822886077777
964770905151
891332404747
398186419292
557233718080
316948309090
224125276464
887894197676
587513304646
284676534747
037626540000
697808965151
680612821010
083796709292
412828159191
393149956666
693918863838
459565597979
174606994141
608536851717
745965908080
341200236969
678588323434
514491825050
551536750303
439420431212
396935432121
147000411818
175416712626
219941400101
515036110000
420732030000
540856375353
348836246363
676371989494
270708516767
394283040000
519351738585
363972275858
275574686060
443541811717
659890921919
573760004848
052933281616
292390656464
946075108686
335705196060
357457467777
054482896262
917767105353
019477653838
479672114949
564466346363
619856376060
583910698787
497443195757
687887001010
925787283939
176312240909
672663164949
575225676868
847828065656
448476063838
585144880606
169630759999
728733619999
550331870606
788727690000
224297765858
104161558585
126193570505
658581698989
966519404242
006445712323
161183432323
814675088888
853165769797
335675791010
694656006464
004346941717
518699486868
472655473232
574556083232
020764074949
827344761717
443327990101
447693148383
710671032424
494370680101
794172410404
473784122424
532346164747
052968925757
689907845252
697362701212
147120193434
373732152121
647217860707
880631220101
782550743333
602840550707
665963731010
739375085151
470948310909
009518405353
518642015353
189354483131
480896770808
830589120909
777494303737
913559175252
897802587474
198243995050
211212371717
134341340000
430620925959
966334101616
624529110101
464661528585
286482188888
311705420000
567407238080
313171339090
543479670505
633077242626
225425461717
489137056969
197393450707
923545136666
293868320101
484187510808
200095896060
533897453030
425106531919
363188093333
979101612525
085095670707
519653205151
031848260606
267262360000
569229013535
005503902020
760663121111
986273489494
224192339999
241938168080
468576489999
211941835252
128577662121
165749907777
325340230505
060789683030
026947332525
189178311313
861667501818
439081429191
038031444040
735330915151
900070949292
439646403434
959079553333
946218599090
713416280000
288249153838
775517532222
945795035151
875163635858
123035615656
506538135151
140769949292
445348293838
278337757171
318760478484
382410505050
309289644747
342420782727
180097059797
665854827070
205069482020
631872821919
273606371515
504993924747
154386543434
558824679090
988919696969
642733906565
857190869090
916400972424
322200931616
356549280606
604576775151
466143595353
502527659696
042162330606
570495102121
116437866464
676048489696
157625785757
858319327878
427353486464
546337911313
791416870000
082757452323
822502655757
502845160606
973951520707
858410461414
718647845555
578275372020
826741278989
059636681616
336015053535
078640156161
785457544040
291348782121
717798723939
517772581111
997237474949
130038423636
399015131111
593054218282
145764631414
992682952828
258442876262
072676980000
222111426969
513734685959
220739800606
029898598888
764529862424
838052410101
096116417878
812889392929
589629513535
153972209292
865393207474
877205786060
069868032222
596166921010
855712933232
823026725757
416095189090
540289323030
115615858686
656885394848
372989169595
562428013838
042130333333
497941650000
229998476868
345178024747
417137769494
160413126262
597683903434
648640195353
207433800808
339436815959
898489286060
530304679898
431636769494
413823450101
638530425151
569309630101
780950538989
627533521010
868785360202
280290763535
465323670404
620194251212
318462432121
563184865757
252291549797
301958017373
057742276060
363872484747
499809445454
707282473939
312235758888
233730294242
746551320000
513009947171
555383494141
685376487474
002961633333
572132050909
100779047878
607314795959
626608675757
288553505454
176000630000
609779772727
929697125555
340105257171
007013637171
643275031717
084393879191
288732784040
727134190000
781705512020
479952726060
330506623434
625655450808
224523402020
573357879595
383831888181
599548362323
397461800808
382637053535
812429534040
953589742828
591103409595
583288562525
265091144848
574708912727
288667733434
796524710101
083534770303
943942322424
612884080909
041113450707
098353566868
949361133434
574676963838
200394082929
772009864848
121418411010
510233950808
056607200909
223798142424
747345843131
212574941515
527658121414
463976436161
508802213939
941102152020
527684515353
131718561616
293820606767
239746949090
210126992727
111527803434
604864636969
026485547070
872493905151
333495795656
424793763131
484818330808
503818244141
464934107171
350252218181
244358494848
967929413434
889518392222
158814073030
898300461313
561871195353
381463408282
736300874040
356991669595
583795574343
245451648181
775755765353
602855490202
729558844949
028240909494
711794431414
526821397474
902007368383
790340777979
624281370000
637677801010
427593456868
499585377878
288537997272
340890500202
441396348585
033672118080
720009301616
835791305454
829911634848
030369506969
165494394747
790346929292
739207020707
050641612525
210987565353
435961976060
217801026666
590232060808
598726266060
279754500202
592098372626
698377294242
036492677979
785598881414
626695112424
653761783636
201951739898
671191087070
140608561717
150116528686
544375844242
608086800909
249177030000
934459632626
556854481515
912288341919
917479718585
654344305252
528762065454
328753855757
917590799494
559170361414
798291679393
961505569999
080524184848
025472168383
867983352323
221931845757
856092457878
724527501616
621507411919
013472595151
475235432020
480608780707
982661614848
556956485959
455695742525
287140658080
322805647777
310393934141
457021820202
052930992929
812900191717
895977315353
148555782626
573121076969
166368481111
386385241818
727497472424
149790638888
151364235454
564473960000
928293457171
752272248181
152304205858
817707899494
786820807878
555359377171
941442508282
601990382424
252744347171
205766746969
041431214343
228892118080
728107983131
020293077070
530135894040
526220955151
212937895757
532172253333
411009040707
319248791616
821452462626
614394018888
192065283030
357753860000
382590223131
011171564040
614579332323
948897998787
429866601717
913093041212
550077890101
297647493939
229114470707
429467103030
662320176363
617292369494
475574010000
252744843434
522243144040
511407033636
026154676161
249971640101
562461902020
793420998686
259800683333
909512150000
395221183131
011218350606
579330252020
499263720606
590873552121
154376296969
761300415050
911411831818
354793097272
539403641010
776856940707
673291929898
744668867373
180859295151
235626068787
674589985555
110861043636
734456652222
502596633434
582054141212
279938934848
816020905959
282900027070
407625883232
932925967070
634224613838
081757180909
214716828181
905822109393
254048930404
998154522626
087836298686
679693507575
584971866969
441269666363
865388886666
632848288787
161198840303
983711571717
920677973434
979511100000
863832038080
234569394747
221414974747
104291208787
981429391010
903978350000
523008047070
635301957676
702335347373
237703845555
498461410303
767438800000
672596211313
509975398484
794548310101
636490553333
077194480202
817336285353
959521395656
647554820101
451880808080
690696909090
861143635656
482197950000
044465768484
660477020606
737619826666
712502152020
529968364949
997351510202
306042710000
906989471717
715388431818
424190398686
331306438080
951203541212
822934620909
468055763737
207584397373
046135689090
944658220202
771959728484
651633630000
233890257676
452053306060
220694262121
538167527979
436862297272
251044976666
664971711717
551686308585
674319389797
646520202424
933145389494
552932878787
385388120303
495226240505
557618993838
988494727272
272542755555
121409534444
326229364040
919545737676
448623021212
899523316262
927015168181
838452169999
362897020303
977168914949
104150560505
523239993131
088614290303
041608946666
469471368282
411871602828
113572187878
565221855555
987017115555
893739552323
155196338080
553883263232
590179344343
562380893737
931985999191
242447544646
703438905050
994204237070
508477994343
155904990101
103291180909
907929992626
362553788888
346725315151
563628120000
630489516464
369482485050
667471524343
898003624444
941985328787
855792847979
132767970101
355535319797
615591605050
942331661010
625673326060
979957610606
742106807878
113183637979
814142956060
560227562020
685057232424
796931634040
620851352727
641314114646
129004349595
969456881010
518731428181
308934487878
608702137373
750202328686
716734091919
114338306565
398420460404
423354919191
169436002222
546775349797
415773595757
917410150202
520659677272
526779301818
770659684949
750761357070
026428733636
400345281919
601666870202
337374062020
187580173939
150620905555
772754805252
147463182525
318095881111
165427384444
787055560606
838110409494
589717794141
859587358888
532033614040
797917057575
788301396868
697246214949
882868769191
373697013434
479627705151
317076536666
393748044343
078801972222
219117655656
703670448181
825104104646
282840670909
738144760707
819546596464
008854094040
016090881616
337289201010
824378730606
420401173737
844308750202
139949490303
380411948787
059474227070
565368286666
571267586767
379888631717
266036297575
552093462020
776628815555
349842654747
372383385959
646856765959
131754556161
402131806767
307221720404
272748965555
659738159090
457146252020
804921244747
266347580707
717913858787
670910680303
756014556060
346460276666
353812650000
772396150202
462812610101
603409215454
145979039393
096530088181
944730431010
538182302727
868206988484
223141980707
069039163030
489079290303
366439790909
604362346868
983182802828
657552697070
158741887171
679038917676
359972040202
153537591313
134393081111
661581956767
661597969393
483701585454
389032702626
464437291818
023663795454
236955011111
133343056060
539963678989
206780520707
985236590909
299595100707
341167828686
363433374646
425876580505
310962610202
241252249090
441955243030
972828776868
763370692727
920903773939
086560990000
284408151616
013599855252
486040580404
937138450707
796568116666
452223170909
469200403434
430816747070
949271871414
137600205757
397646063737
014052080606
618003686666
453963921717
894054832727
926413778888
720479783030
966357653434
877886270101
363068128282
820557343030
944890504848
984493863232
285166308181
917277394040
154751335252
454896488989
751651430606
339728359292
365784242828
392694289696
444563251010
401476046969
525257418181
459786269494
426508100303
663181729595
589139822020
832639634242
886374181515
035904970303
583151386060
677242901919
800318617373
771037498383
770111467373
860845182222
308172262222
596625013535
628403054848
194238939898
506165679494
958577112626
666778041010
019141674242
007520940303
333989132828
415850815656
998379523737
757000280707
220607305151
995497707878
712175806161
551552448181
315667430404
131299380404
097049522424
903992811717
032771040404
110140411515
564446723333
331252159090
968099721818
985539692626
802483729595
256564107272
591849568484
819871304949
967004969797
649565339797
629765183030
074907936868
423531361313
954615844141
190233854141
393598645454
029156389090
164606580909
997838180606
714771666868
214251718080
193417212828
459616930606
256766561616
030882405454
841643132727
282428500101
887182583434
075596973939
452355335757
646914193232
670484104747
968287101717
003579208989
978761285959
446470366060
236947290101
563782650101
435829170808
501254764747
849617851919
844494693939
382958089696
927631172424
504755400707
167172285555
295582250808
319824147676
722336889898
910906160606
325525743030
444063626262
529664100000
705841805050
932456506565
010231482727
075089432424
982738347070
264397580505
805657810202
085411535353
287158957070
947448010909
687112624040
862437858686
479570963434
988921532020
744353892626
136468414040
525831760909
006474924646
407491293434
713288742222
296338257373
019476605050
220637446868
009912744646
252528058282
458769494747
271672812525
018870273030
783017642424
003591960505
414087515757
659246100505
034781309999
476305190404
147195707575
204714237070
833236414747
097019890606
084944676161
554086299898
959703922020
839569789090
955488457979
325874716969
607707304747
406766820202
704024802424
707909440202
536178331414
392599194444
070900325656
434862106868
930914353030
369157052424
132897675656
969132154444
544658725757
629020680000
290679663535
005882877373
403619186666
258211402020
524652551010
780147737979
014114153838
252524280707
041114659090
466761596060
106075767676
570979600000
500345653838
790263436565
447921990000
179336686666
403705695555
622174515858
397180857777
973257409999
123800349696
889393325555
297313747474
611997360606
616697251111
830879697878
071709306363
664816702323
744927031414
799864465151
263490722020
075764417575
686455660404
820300040202
461601649898
338158735353
299003732020
089927335757
933452321111
489068679999
940398830505
712744714040
384475242929
025483106565
978033568787
834106174747
081519227878
791010715959
265053324949
723825599797
687516388080
950326804040
662203950000
438317912424
325801316565
627548898383
772901959292
942280275555
525387070909
257607669898
262177970101
090318972929
604727566969
378829912424
073066533737
904042440303
957443809292
875540122626
412244921818
980483247373
044310913030
890019350404
240760586666
834045917575
225133831313
357449766565
804211563333
270791690101
833965748080
240850137070
833507170505
714485434444
216380028080
304694249696
310804294343
761730756464
495694842323
866574186565
956454040303
411849640303
382603101515
549495251616
160237430909
409802834040
570062948080
529647489090
072103373030
514681184545
495244038181
644230047575
501533598181
223200487676
982979418383
936427824747
720658760707
021623692222
728707220404
148113702424
481241932626
635471690101
969146882222
855950368787
282768402929
685784377979
289852990707
481416869393
536628754141
278475983838
780646433333
465165038787
512116875151
754153570303
732600418080
321492551111
576994140505
303352488888
581246074040
255251666666
412045166060
987714443030
081319080101
854238423434
184240606464
278966363434
588672202323
604248120808
846750261313
884297050606
965791396363
139228603131
803111520606
291173208484
849562727676
350884019292
034295905656
760137556565
973237356868
917793598888
968677248383
572028319898
249029847373
854381411010
545949872222
418659705252
796300277575
239297563636
554552748989
536286039090
660622726161
401613846363
082821393030
263356395959
166423565050
431786613434
114950241919
319842463939
277704164040
768139716161
145912432222
513162560202
084608056161
723612906767
445668830000
279244827373
599291108484
049405100000
604899806060
635601901717
086133278787
091594693636
435737801919
579844808080
968431761010
351071042626
766391154343
171749235050
357010197979
102634048181
100473154646
201627080303
273598700101
025837840909
550161219696
615788226868
846570194242
744072360000
415746109898
480081029090
922603445757
213504395353
947194784343
647184486161
148473022222
600780980303
724146641010
121976533030
572482173434
560408591919
506958897878
865369286464
105475823636
733973908787
298275050303
209888546060
478112821010
987582421515
318248711515
929107068080
015707909292
648988709898
060016719696
759172703333
964798763030
349073300202
536392429595
238389456161
836983482323
721576986565
147332462727
032570410505
754147536464
250632747272
718989140404
890991780707
329430609393
681367865050
642712796363
950913651313
509320347979
815626289393
523516105555
072815370000
460903410808
524181353232
978588790202
534422890303
997034523838
232612603030
812759277777
568191550707
371307581515
259258975454
460212353535
886858532222
648169357171
393911969797
503934936464
850093518181
818638121919
582955450000
633266662323
744672649292
464228841313
025142094545
296735800202
914064716666
060053630000
930197690000
470332855656
482903053131
585290406060
086509394242
324508364141
518875894242
820799173636
495013064848
068685252222
306635742020
579478379898
256991943535
192569202525
948899303838
830689570404
207318311414
468832924141
416856421414
415608370505
153098937373
023552837878
612959883939
254274448686
289388364444
817343423636
410009619696
461897557575
493822066565
080491370606
749368872727
665899130909
397401353636
037632412929
343174542121
809691864444
078919004040
613934769898
163909220000
811678951010
622209002626
653627033636
278320901111
779596185757
524049334747
598285586868
479065070808
503583128383
067589300303
812086119393
440611518080
552534102424
890266853030
396225363434
251081964646
174007590000
760057721515
292202086464
457815048080
741005890000
910369033131
427966377070
290429951212
500636490505
821013773232
626306322828
174286318686
710208841717
752497562525
656493109595
441154348989
697703190606
623896304949
785537877878
274613836565
535940643434
946087321818
133916410808
943338445353
573886337676
887831584949
106680853535
617620808787
235639144040
133879340303
501603087575
038076713636
990564171717
158780645858
464209931919
113098412323
974776950606
653060320404
335366895656
457572438989
308122694141
193671230000
241314286464
974952895151
836474279797
797222010707
061017997070
842675542727
231416031111
827038507070
444149194444
138794550606
299728045757
913136124949
361804993232
390344440606
274829669090
882288048282
982026709090
797034339494
313251238181
975783154545
266751196969
984602496161
666243019898
524646192929
783776167070
301849186060
046046027070
373290450505
596103014444
191691198989
465495145353
573002805454
888371433131
800338822626
105269717171
026849571717
057064658080
116432555353
816391401616
668789461616
749817687878
651914122222
347649468686
483847742020
162009172929
162628047272
023208485353
823591416060
436290311818
184464766262
382448043030
557243967777
377949442424
891496169090
985799607171
755218140000
154329081616
917531684242
456544108282
345930059292
572378329999
445381221212
462932370909
773459807676
939310000404
891538603232
697495495151
724804532020
012743200101
891667985656
054324970000
643121958181
423727220707
671596953939
802612964040
850156290404
900376809090
994029351717
423620785656
794793157070
807272280909
807859752323
646606740808
025793504141
806271719696
731896730505
205540201212
299499579696
005095875050
118132205252
560533221919
151336825252
607134327979
607247983636
688185906060
753591764646
319132425454
642652701616
959421106161
136288671717
456935949595
542654218282
885289654242
852995271414
456094042626
878307652020
018212320101
626538194242
278203551616
986682306161
695962997070
293270339292
270683081515
975743531616
145951459090
850230650202
999680857676
139754329090
985575449494
675705036060
908939433535
805493802929
190700002828
440598905858
840424595454
832745583131
816376238484
624823987171
623129741010
114983220707
944821940707
836947108383
391844525454
381291721010
870555581616
334019797474
241516716363
784601619090
625796131818
647827296060
274277004242
086450232828
523961532020
030382550303
185646154444
633733436666
925013650101
574540749494
069735780505
493000035757
078654408585
530446440101
382890784545
949048312323
446876202929
347034547777
834999672020
772339620202
835748710606
369010848181
593689300606
843513552525
205537143333
423098764848
664388309393
996069174444
256313867575
555473188383
497623200000
211382572222
763025647070
699849188686
112647793939
166514598989
346265615050
264188229090
561164660404
350320605757
996015299797
026819862222
660157971717
932644481212
801217988484
636663610909
612460133535
489767367878
247583043030
253942190404
888728456868
094237314242
576225183434
907692275151
452370758080
035864375454
899843617979
819180846868
772638179797
847737788282
144259322727
675860898383
922481850202
398934941313
454282258686
544827552222
759669620202
754672465757
090008499797
772850593636
219491026868
580746591010
748916773333
784593274040
535746351313
345884509999
291788722020
243052812424
663921192929
026422398888
587681499999
403141066767
514003333737
146903472525
645525521515
108236703333
218812604848
673746294040
949115102727
519592745151
602689680505
756837547575
870620610707
275858377575
052996174848
545405746565
333120139393
201710333838
162658188989
784130895252
962626470606
853621594848
209612973434
312037240505
928661001616
793484679999
865153755252
012246312727
186271810505
887007120000
559958824242
751372402222
074384070505
361221346060
403477347676
015823900808
529375709393
157121000808
737393567676
224658341010
669151877676
369670010000
341726850909
187306408282
849698079292
852678121818
435921511717
622087985151
225349260505
857222807575
825108164141
590467778585
401884088080
955460727373
125694346565
893716271616
087126377070
921862159090
939438610606
882966541919
240343936868
751273692222
469680691919
399106034141
221213932020
069450966868
618608541313
775880871818
881116182525
823371821010
353567407070
610442146060
961754233939
913957378080
491112505050
766319186767
823482208282
206839089494
886267887171
342900482727
437138253030
887625132222
386573366767
393656730101
833923667272
052406500505
653003354444
129969172020
910462563030
209280452727
101059995555
552488468181
357660475353
966754880606
454251814747
546336228181
973316262929
463187126666
106792835454
735339358383
304949495151
924572656262
630109389797
790628310404
409201600000
945678157070
531297784141
945040060202
822163005050
215376179696
333148742020
599222760101
555508376363
417076121818
445819460707
285145068181
205062520000
588174393535
679496474747
490353696868
303931403030
005646544747
974114113838
056403086969
109807223232
855228316060
612978145353
539490955050
808872998282
505717620000
490561340000
623028430808
546032797474
291652369595
581270471515
836475605858
706283247676
355789560303
976414777575
841114220505
760667267272
994535800606
072195736060
889125299090
501461766767
516669447777
548889750000
977742425151
308948988383
368755557070
600736248888
944573334343
170763631010
158464519090
578287466464
889603476565
710360827373
807128538585
518987832323
134792471919
533255350101
304334951111
907128520000
843401429999
962928870202
645155797171
714985189696
521128932121
802724890707
621064765656
200211623434
009959190101
218242899494
930500690606
697504205050
593381460202
152642855050
878178955151
654744258989
458994962626
891657850808
905955849090
719115110303
545449103636
187991075151
859503580606
550260191818
797175533030
093346616666
291168746363
062556919090
530781435151
553575563737
008087709797
114795342020
461605784949
788659458787
216043914949
480030750303
369918412727
642465593737
026366524747
105770394646
430328592525
958345478080
439030652727
524845308181
233747803030
441455410202
398372785454
540056017676
269010368383
645745762020
011230130505
995845306666
547164987070
868378948181
770124327979
013822180404
131728680404
292326470404
673507952121
178639315353
935995120000
505560565656
223352145050
475032622222
192202684747
687250640808
410022593535
229867055858
433200657070
244038116565
901212260000
135256347272
185789510000
626168040000
250743694444
525433810606
847210326363
154698409999
998591031010
094295264949
563286082323
782119244545
081878352222
025368870202
471971550808
094947191616
233848029797
640094608282
000342029090
684262417070
884050495353
326509610606
283418803030
459495621010
401709187777
477733595555
386182601010
236121492828
973332612525
760710920000
794624890303
856603567878
024474259898
311041489090
444587930505
057009850505
902418808686
493297657070
555828933030
354112428080
387721902929
849124061515
975702992929
594878659797
296831037676
729848574848
627068129696
482316585959
973809470404
458130621212
799437352424
669169600000
204890684949
079354758282
040511661515
456284649898
495267050303
897814659999
727852436363
616609098989
978894950909
757813847676
877449620404
962321606262
068181730505
792394896262
558751413434
759135219090
219790281313
530833514848
274682810303
494309192828
914892958484
536649720606
473827379797
318343354747
973871255151
203180103939
412144610000
471232624343
456822346060
195135266666
364827754141
139499396464
532054402020
502629145252
402252127272
470985519898
297337342323
671463643939
702603543333
494308629494
741997335656
132589069595
842898242020
850046217979
401109004949
872108064646
431307796565
765919040707
963769149090
745965890101
596420012323
649299636969
631166040808
995341720202
838308990303
520926803636
597888053838
472944543838
848370874040
477818038383
888905835353
246880157575
828383242323
302486880202
189173180808
268612144747
503030718787
651364243131
662415520606
459035610505
063701907979
934886432525
697617817575
375062616767
369791414242
126333551818
954592318383
610289202828
827060153232
673662260303
448641295353
156088364949
289890323737
022876126868
971138369393
314707796363
012783886969
465550899191
537655906262
637546069999
218053970404
190466825454
545814889696
213962435757
585474048989
135559951111
684175649797
362433629292
011686002020
444459213030
021511893333
759590610606
785041873232
549033900505
751783509494
301846780909
664344057676
008528746060
348611503838
462911360606
148131577777
088951103636
784001954040
578362861010
442883804949
462538867171
234954303737
666797070909
276683293636
715425620606
123892335151
341433694040
243134988080
510616946666
469181638383
990209699090
116564883838
030540210303
753983498989
097033160707
500029994545
121199255757
400396574040
604419030808
709487680808
783623798585
937033095555
381006286868
491014746767
776185001010
976734992626
611050728080
191705889898
381658852020
106003964444
031590141010
731643374040
772960122020
241602039292
189116109393
219044733737
153670548181
807420538282
081157667575
731467517575
641532724747
090564981717
904401733838
158106450101
392501281717
414733515858
141377506868
827246762121
053238740606
436819190101
404578813939
177277417474
664690124040
644792467171
137255997777
155976987878
928441884040
567984479898
373149407171
974640963535
064362002626
530201040303
186498808080
473962591010
160507698080
693452277373
164637697171
520769300000
130048326666
605340676161
349302004646
511100707979
614205824848
726718062929
405321377474
625051225555
824049590707
982788990808
917250994141
636198401919
480192851919
975742280000
379758062020
005739682323
350039556767
390953611414
171665593232
361104532020
470411190303
671194595151
637375774545
069169851010
882497188484
824396674545
885258121818
937023040808
951854510303
658704982424
597106650202
711241320606
851960900808
121546498686
377560040000
617765700202
086002666868
174725651919
692974877777
703745151616
688287502020
098217304747
222584369696
156840064747
756501017474
844799086363
754157051515
472686660505
509894213333
225994210505
518309610505
549020269898
883304571313
341909341010
959161259393
157283550909
546272302222
867584048181
540090749292
958320815454
146921880202
492943590000
849847369393
426192610606
435680173030
015044182525
351516463131
737799908282
742887796767
857690913535
877947808888
516095940808
255817018282
317007870505
592920187474
871948256060
636393741717
466102699595
493064780101
978741316262
429795839494
846771620707
136834820404
784597506565
163474053737
166441396565
051778650808
878949925050
599021360404
040771878080
529720710000
914496750000
751625327171
224717000505
184927553737
213497896666
914613721010
765308307676
287157534343
886397019191
639685730909
440122780808
472129721010
710021779494
112103667171
775709446666
265885690303
588166066262
534210117878
574414310707
072237138484
434272460000
926038155555
151295287070
321309916868
254193761919
128515072222
615903178686
954664765454
655546471111
215575015959
488055254949
960374160404
090082982424
064213620404
594474820606
813313984444
686745620000
310142841515
458154950707
435398519393
012013557878
457295969494
631191792929
349345510000
422115498888
428664448383
228082009090
515955200606
895974294141
349687876767
470630555757
041580876060
453464610000
354087344545
209212579898
551947419494
868251650101
525269792020
676579462828
871391349494
615463855353
412840958080
989466328484
301055100303
483002390202
474531090000
921939842525
909405257575
464271037373
521965425555
612725637676
239384520909
690455582121
808356719393
984176530606
184183483939
069256716464
466527595050
112152328888
397747213232
546789925858
770049276464
701543652121
854043757474
675850605959
530264412424
480490950808
758853127878
819136277979
413700436060
382490357575
958896819696
217963080909
453595934646
733085617070
610017030202
750542477070
250508537878
449619608888
470138940404
966007762727
788151554242
480347085050
302398721010
527690411010
554972582525
495344973535
810398530909
574471380808
458128404646
657563939090
392166218787
056701050404
177442056767
453102497878
518765109090
055913127979
035143743333
912908540303
847957229090
548313643535
841462967272
726632042727
017861058888
739929379393
806268617979
696309091111
469749452929
416803010505
824476626868
334124892525
216458380909
457200620303
876835305252
058942335050
631981092929
378419357272
269448265757
591814742828
065685512424
497723172222
920387262929
475801965252
959792131515
527637787575
728544900808
186482656262
895633377070
837349952929
173316807272
245180947070
610987675050
605877909191
972557579494
883448226868
961866572929
592258650606
813839415959
284636351919
956635568080
672330021010
043506776666
780131810202
560517378585
947351592626
504023279090
719762110000
186675486060
099914690404
993300480909
730166793838
377547688484
865212930404
260305640909
331163793030
211980789494
269562625353
064043891010
198579112727
721877319494
766405898080
125820743232
435162472626
728841962020
787408540000
490102709595
173133362323
407554925454
853652349494
633378946666
534928160808
322713147575
572834952626
710081261414
836754234343
353358408181
204488569999
593002534343
965202191010
499669497575
584151951313
784765567979
465043477070
960413368686
888457960000
437325718686
302759226767
469641296767
790549966363
769598505353
218894764545
691842870505
079634369393
507199288787
900122274545
649880448686
978564627474
594721247575
009396837373
010045440202
225519912020
169581615959
907763220404
021033822727
202086613434
951760304141
255993992222
830387250909
560713537777
159046720505
660688900606
345180435858
541540760000
519631219898
013502902121
542713772424
864505636969
719215446060
957316620808
812644347676
036066857070
668946419090
981524323030
139972079393
732096078080
987203459393
402251868888
894960275555
175837700303
747806353232
341157859090
823278553232
277329923737
853779265454
755832965050
535268928282
918198530505
911392279595
284617593131
763256277373
718617435959
196693651515
224419397070
589119758080
251101100000
462119034949
564917209090
704385370303
822795443737
401173423030
399189672727
470691645959
717271878282
286697588282
480823040202
535929915656
521864242626
236374776868
947527659090
699389001010
657051865353
619557844040
534522891313
476741293232
033423110808
688889616666
433124743838
416637294343
882877474242
986638793030
529676584949
549239672020
332756923939
531061431010
521876876060
960886968787
250110188282
457383950000
373936601919
153610169090
727122248383
928453989999
711046575151
400117522121
520293691414
484466768080
201837357272
104726931616
588632114040
599304127070
554547186868
953734478181
231030519999
617506437676
356411268888
189908098080
888292840303
296737880202
032827561010
537642060505
924768290909
819597820808
898066076060
701616730606
760954287777
078916254343
151725364747
202717018181
642300879797
402284071313
086012688181
763668582323
590310053535
352370600909
210903064646
666461618484
891111560606
481156308888
081559870000
730610588787
379227781515
594096240808
487056632828
636890063333
036614536868
505201991111
935593274646
745452259090
363304300505
230250927070
471189623333
781767542020
722918417070
841383058686
719364308080
797697651515
541324842121
532898033333
762244837474
268299177070
117120657070
506616469595
970899957575
632225805858
468144744343
856404632424
855155839292
998560430000
270963942222
350934339797
108735487474
289090582727
579779036464
369749823939
153519588989
392505480404
325506229494
204170344646
389999414747
474386074848
776614735757
072375739090
563023735252
690136100909
055817934343
103050500404
921914262525
289836757979
889939638080
341235110606
700664380505
187686100303
219907149090
959469230909
455327940202
131591585050
336320098989
710796140404
210207657575
160130578080
153091371212
408573397878
978949814040
714568030000
568715525858
050213105050
928112770909
462964824747
257655013131
206514771616
608292318181
154504172323
485805495656
746187770404
159067186969
082746390202
199162762727
356666225454
525256440000
332032805656
175475084949
406155640101
377546280606
398865711414
926299766868
630955535454
799538103131
198855042222
531486556969
439735007171
919767715454
204932520808
039929853030
367087815252
152487920808
560544106464
942693302424
997139612020
131270721515
990509610808
329200489898
209245719797
743562154040
807882713737
405780681313
905968993030
334515179292
188683367676
616155283030
137656013232
653455410000
705411206161
214275434848
701810370303
376718853535
220776870808
547409735858
744564531313
605165303939
696180440303
701717627171
243688457272
596878557171
513704167373
401599982525
532127725252
817815876565
413243931212
058004024747
735159441313
109157725656
471805160606
632118380606
794281775555
681197789494
835512987777
970869181919
837271796060
303288110303
831380704747
427469200000
832192897171
054464820000
938713275252
886792620909
856678801919
035450406666
498695315555
973580280606
075745562828
724428304747
601860827171
187130716868
169228029797
778024225656
411854691313
577291159999
511810745353
530898911616
813898563939
934614972626
638775922424
662457401010
047010921010
521523217676
616363970707
261184409999
582357421414
903186923333
558932334343
557215058787
034267040909
109783191313
497136197272
891054047171
085730283030
804620219595
151872628686
926865058787
853621658484
535509640909
329801350101
704431754141
144683412121
335743170000
457736920606
719235219797
793597416565
558159220909
055326368787
108620698686
749960525151
630086176161
031739850404
612622812828
779838181212
371269419090
626219327171
430961926060
959618386363
686406594040
188670765656
237097565858
256961954646
950062575555
556077933131
404000737272
942015098787
967582758383
831965190606
202946546666
766994860505
636290151616
635855510303
575332929494
201284746868
850462791717
594972448080
320489845353
197505677272
106215560303
730943531010
706843331515
992448422121
231856954848
032656300909
794526847575
021102157575
199839687171
588791390808
301331899898
391226427272
197269337272
114426020606
560208178282
995745559393
889315732020
996861421010
100302952121
270009202121
623699972222
882709301919
551293830404
068153295050
564420679595
717258203636
207227571616
668463460606
538786413131
232559280404
928523238080
392911631515
683269636666
419709457878
106957260909
679518963232
789246185555
039440689595
436981686060
438039286969
255272745555
565699029191
298555697373
777464186060
338928740000
305940230303
646572133030
032112708383
687789218989
686495579898
454734052626
997265206262
107214348080
807871720202
865144014242
384970321414
089423264545
955094997878
874672070707
968555989090
928385483434
574731000303
617779840303
252875779696
691709739191
026194870909
156305243939
317686540707
659519440606
088838825555
867253109696
721564427171
081082521919
936614191818
843829822020
545326364040
348614764848
479643885353
857952792727
325404419595
909386265656
312642763131
118251790000
069224979898
291922033838
706549775050
710200809292
679344631111
229770500000
824483453333
388037730808
863429082222
271204545454
115740003232
438580840707
180810052020
543171262222
261946537474
501851717878
224682555050
950797717575
256236903030
398599933030
774978863535
279122878383
913570450000
419068307171
559583055252
506588351212
802075398585
506457999595
285360536666
102602827676
543197081919
731631972929
945176268282
096693872929
577314436565
735525709090
061355426969
523711304040
615705873838
934674313939
662436216767
583144634040
062787379292
607318529696
375577744040
322016392929
793488133636
165166586363
554241050303
640432877575
518319487878
578178225252
010067362525
272572766363
865827602121
793902360808
359460703535
127029892323
460346592929
286429009191
949192339292
105536150303
665201290101
582516755858
530975573737
998454942727
019418630000
110272891717
611087928585
202132870909
372614527777
277407545454
688111839494
828977192222
956763719090
778162861515
073493657979
118810127070
680230137070
315009791515
599801981313
672129217777
442501215757
235498525353
354683833232
725887935353
268868581212
836142552525
755173820808
712362345858
277109598282
206223380909
273462308383
125972079090
420344716464
139049441010
590472941212
501271483838
700230876363
450314907979
630819372929
997491982525
089300719898
449886156060
107016018383
045750988383
949876801212
336521978484
735741612525
668053064040
294853200000
364063457171
522927015858
258717862020
693510260000
350763116969
499738090303
858332387272
818887314040
095008560000
409253723636
969472056161
923509897575
704804814646
849767706969
999171632525
780881740606
836129126666
420574375656
057348543434
187404753434
844493041414
789255728080
336953549393
389589350202
574569631010
560383597878
176861610909
563184294343
814532327878
600979296161
706404891313
697101026969
470817304747
511140341717
753686736565
525971044040
682214097676
570595730101
273905377474
556777431010
210901450505
668852936464
111781460202
467964354040
746695085555
455854062929
888401537979
974727760303
677520548484
844291310606
872066792020
308138793838
039861110707
565310093232
473242048989
804352596464
120533439696
945137799090
729372817878
218852066666
850684200000
889649725151
981846632020
670613180606
067868469595
198173267979
296497870101
930421288282
827689410000
873876291818
006502795252
895968083131
339452682222
645422083131
090417263232
347169929797
788284701010
218885949090
113744570000
282892365252
167412489090
143563543131
337782210000
706268816363
257985217878
830592258080
087953379191
812420306161
424049599999
615016063434
901476603030
748126135656
033274430303
874226199898
101275949292
872044775858
995678198686
248449100000
759912402929
790105922020
445108839090
121723822929
579872630404
276398517777
775495060000
000650549191
551446208383
045421700505
642402096363
787954919898
549589695050
608012833838
016204014444
674463350303
290235749696
399190517979
903791094343
940419617070
731544512727
534659611818
463336956868
792285397575
354079006868
952010066565
405418610707
834212304545
645175008888
957652021414
614198979090
715055949494
851980442828
878663760707
696421659898
311899833131
736661317070
482248154545
047402630303
746594451010
451708458585
978632077171
623924336666
963557360000
498854023232
656268719797
153824071717
443710519494
030310240404
960547499090
288529743030
629468630000
635467825757
107979911616
463214822727
151716723737
793585194444
642956024040
830030347676
671132997373
235010434242
938829720303
124319159999
081953588888
168407975151
902555653939
012111825353
355705128888
232131037979
042217670202
784404284949
788020455050
271244410909
397965975050
902250510404
215606566161
365110757878
425462816666
502675032828
715988202222
427513963939
431836955858
772432870707
862726950505
886562013434
312411518282
395513950707
025343714444
793225980000
428189750000
020716362424
246754424545
249253568484
887506475555
290700656262
277895490202
000013283434
232047321010
203243565454
104856916565
380616625656
570850985151
809313644040
460099475858
224157273737
761351070101
547610175151
599777716767
505990505050
341282848686
368717144949
451010130909
599543600707
350691059292
098321240707
297398972626
751963670505
674464235454
394110530303
441322839393
397121861919
637591384141
613791291313
250736986262
240230432222
649176068888
841039125858
801729015858
852594541111
197562859696
159039097474
310189071212
088598169595
671095936262
663371220101
710225937272
001299602323
481099066969
723312450808
006375700202
404187459090
814061940000
981294310303
987572670202
332762730505
136165004040
695504620909
316628623030
890147742222
621621103737
927137161414
882707456767
152427504949
442296611010
223949806969
623115857171
264548770000
772272667878
382679815050
711106053636
848274711717
225878759090
175896255656
993106407676
660411763131
320709564646
457483576666
365378327979
442117707979
070387172020
972431235151
639223441010
091061959191
069257504545
070904978484
543206580000
823375429595
868070055555
764005888383
478858623939
821122560303
125519908686
554630617777
718637748686
031435394848
430961778989
495998328383
683318586161
022743087979
575488711515
767224087474
518429591616
439948282424
579281359292
862474599595
087979575757
197994441414
691330774444
079578819595
129303322525
996241550101
295037132727
686939198282
846804919292
102541397474
804783227575
832553107373
849401511616
523346825050
566158339999
624147015454
649040857474
540726130808
344831064242
924377296666
651463277070
266037643030
614286634444
443146426868
948733241212
026322843333
863806808888
758973480202
622761540505
052426754141
687893816868
147286608080
944074730808
711073197272
670387450707
729914206060
008848290202
220595301919
199913518383
935123559090
867828495757
144172007777
895966582525
783760026060
145810240909
449482072323
116514387272
993924940303
843930103838
729405589292
036025348585
148658164848
641924738484
491282212222
061373451212
043792814040
666007279090
919142741919
805710467171
186742763737
067680985050
984422940606
440131419292
003021575252
928633646767
571329120101
319739991818
256128192020
219426401818
657752819797
848819740303
816670839898
261978135959
719226110707
431511490202
591658949494
765547189696
107870956969
457239952020
523742546666
169912880505
132218119797
838323695151
434520046060
785090016767
497650056464
804503451212
959516986767
479651143939
666416649898
629559346666
384213209595
635800706262
572326105959
676286720000
856632175353
834198462626
016511596868
315452165353
709644308080
518711137373
958272104545
192506309999
430013465656
727996404040
702550288282
121976912424
609600654646
385111069494
296871599494
940220009898
873206033232
450884942121
862134395454
809940317070
992519040202
908141713131
487257573030
573243047878
709972332222
471770781717
820771260000
533158117373
692494906666
780073187575
791430269696
477243635454
972710208888
439082730909
409847651616
474209866262
008808046868
625868823030
288949729393
712187556464
386272482222
632252535858
919919122727
092729933737
987310180303
677506614343
691313429292
421283913737
752418165050
672881494545
655963928585
715538564242
118980209292
846408596060
958464520000
910435822626
461425069898
123943357777
069625039191
877385458484
204245975050
901661760404
941057447575
891888981919
404041860303
388072582727
683184814848
202686483434
638766075656
874317252929
201332734646
692859112727
805898279494
909039957070
974310695858
089196912626
043746580303
232566191010
932748061818
993300225858
200236438181
808445195858
724086453434
604218967474
039458029191
151218493131
697196908484
769389292121
230779125151
110896839494
554457869090
812856499696
054273066363
574282143030
786549176464
555615702020
001157710000
908818995757
742943485757
000424130404
806384253434
557520511717
145251090303
160882787272
826699215656
436904883131
099690825656
897050697070
449154189494
393834295757
871002991414
598827513030
640056314444
535376971515
148328165050
228132437474
311220422929
578736409292
433017554848
420090507171
134756487373
025371794545
693637800606
574489610505
084934804444
718695061111
704848259393
519309144646
476686809090
365287759696
223652177878
120129953232
437499267070
040337272929
782251920404
694407386767
375575189797
213236014242
620653216464
933007897878
425591140101
682240630101
999296302424
633420727373
848097883737
897798031212
968166639090
283595445252
262831923030
452405670000
989191494848
614522143434
726750570808
631236720707
748264588080
621444436868
007625687575
515111595858
668922930000
203468275656
335884953535
980445530808
615993048989
196273925858
642137547676
972126201212
524883139595
739553704848
212770293737
128913242727
630683806060
860571696161
771217080000
060888609494
703854606060
038605394040
850514773939
860884383535
122487487474
874645470505
181985234949
686678539393
478020581515
682454045050
376199017474
352080116161
172648769797
635564778686
801243681616
844147490707
850099899999
078347410505
593940847171
388618776969
159173792121
909751930606
696309109090
774346231414
595010111010
576937659999
832398016565
934311740000
812896821010
873912260303
383377434343
605392867878
588505720707
179954405858
960099902121
208430480707
482865301414
530439821010
547357894949
079604175555
266407296464
842314345252
231563218080
814160055454
987162664545
787854017272
414751044949
157809469292
133694328181
468633030000
919282274242
646146414646
976445909090
912055720606
245269278989
150011470707
145492500101
546835775050
634020832929
066292671313
956390260202
745444064545
087298414848
402893594242
214290619494
645502888383
717554402020
179396911515
882354826262
508902253131
008081608080
275870464848
054772097575
676028295252
794640204646
426037251212
537223903131
375786476464
411735115555
437064532626
123391316060
073768374747
195425080000
925316359595
287119273939
958085371010
272429441515
871215186060
961373688686
356098634242
613962318181
451098043131
375279345252
648555724141
212041841010
528330397070
904123764646
098934923030
789960208787
528557697474
337467879595
661813079696
661540720606
535034219595
393444774747
138137816666
704796830000
056883297777
652735115757
342677941111
678331045656
822191440101
328468347373
602612423030
508726978080
026213582323
924243628686
135705431818
815675543737
003333172121
926055994040
648203609292
718509350303
988510244949
347377307070
463037789393
397163858181
329993570404
847641217070
543592142020
388767391212
498337260101
524923459595
290380304444
325160426565
795262297171
974266247272
103014291111
077755103636
042660022121
818378058282
567221127979
877124920707
294880556767
083283578484
858872938888
892906055858
939529568989
753578986767
844770729898
261568087474
358661120000
246533450606
549668989090
952420400303
610359284040
364950636464
235592984646
155694490000
349867176060
890202191111
270411641414
509596698383
682228080404
187193880505
240253585252
112488481414
624843641919
160551643838
503131751414
877321880505
901225812828
261746675858
161215760202
876245739191
966986356767
226967538282
260000169999
317247122323
104894597272
620647578989
234891703030
097357028080
694421589898
220243435151
102934587676
829147743131
671363982626
583217289494
527315952929
231495307373
661615631010
235999160505
275306830505
829915952929
829652205050
027613763636
977286137676
686715298080
121668760909
123042497474
928009941717
380530197272
177112575151
805905133131
172610424545
037478730202
030012005858
514766394747
083601889595
397162530404
662537330404
963258738686
156201511616
385624352424
414517107575
840831038383
019163552727
646898879090
209181491010
334546743434
590932145050
667448303333
767055681010
701510177070
844929045252
318219199595
430997855555
362658297777
768128767575
547405796767
778190897373
437248981010
766649077575
302772890303
573949880606
106582470000
847932394545
774342475353
521621443434
669167209999
836794386969
649700463434
972467226868
098418172323
512849660101
328754363333
286823850606
920870009999
352471578080
978146618181
455561201818
875465523131
855809051212
664064100303
021315635656
932610487070
148978994040
271245452727
807500523333
038023648989
768836903434
956762047878
439912690606
603076986868
523796562626
516575325050
208409530101
041876434040
807305410808
176655780505
908246524444
226147149393
719815702323
654431042323
119942599292
823135642626
976631843030
149793132929
089413447070
354557200606
157655794040
529610895252
233833183131
543157220202
276209428686
711248381515
120477005656
455302451818
246533688989
240229860000
612954528585
536608926868
653475227575
715190310303
818964084040
025944253131
630594946262
736639730000
532265153232
383516940808
931422974949
061799027575
924594298080
759855407676
147819102121
418264099595
572358739292
230000990000
210936100000
405083913737
064783320505
601984764747
836866842323
669698561010
722365190404
398129010000
650047910606
957258795757
596179168080
889244355656
915416863232
442012682323
902198174949
485563832121
185617901919
701031880808
120856785959
535568323939
910730975454
329440210404
405993577171
715146885252
282929960404
956451692525
341338685454
697407931010
591571667272
512091072424
089277698989
374028983737
023298754444
985791337070
399864690606
580354037878
429641780101
098461020101
725395149494
911338903030
091966705353
858539405151
571686522222
210877591818
118707902020
521681507878
342416773535
822288750606
993203560303
765734416969
518458596060
340606122020
442410896666
445813542020
706568299696
935482792424
694688964545
835690997373
582036689393
412357649696
104182346565
469958839797
869797737575
876122429696
079452170404
735998083333
825299444646
011186972020
064578849191
953770559797
185369932020
889838466666
610505249090
953875650909
425044710303
844814838282
680602380000
561231552828
895974508484
077770640808
062752467676
595733635757
588282575555
118291690303
784086489090
658862375050
753121079999
699994671919
440051160000
297853264141
945237268383
017467475454
402345005252
140250825050
396064230000
913700605959
310640700000
855675766363
265690678787
018180074444
872337490000
130272931313
273816687777
059444590707
448952448282
356001606666
256471090505
703070752222
675227505555
875258122323
829150726565
778189759797
749997520707
789303870505
822003399393
030069141515
846621009393
897627322020
080261184949
000431098888
824903616060
105199203333
293459583535
409554710404
390913260000
505565596262
777479301010
507949029494
450809164040
279086852020
643865390000
450501069696
480037055353
332144681111
441485532020
304467538686
375181533030
174759720101
668800130606
517978370404
792507845151
543229925454
579102750909
115637359191
769632285656
213022588080
265058170000
607763502020
618763420909
816986031717
793612209797
475201654747
235894980909
974877950505
384837990202
701113862323
808852608989
441848358989
724525504747
143318591010
575092888080
368929889191
499039530101
826007813636
997104170808
340666856363
922047593333
155315681010
729402209999
907678751313
236724350606
192781860606
543684093838
248568615252
149870127676
476937512121
885245962424
690300663737
507918305050
189030812727
970015040303
623322643838
150345161414
490048845959
551523937070
499806336161
576296531616
244005838989
651334481515
452555230101
224925094040
184484550808
127548599797
975937700404
714630181717
842119457070
969817706464
732926465858
522828693131
511748003939
627036035353
642771424040
782153242626
986489450101
251728629090
184761418686
530863935959
428543836969
559089044242
293030411010
406870799797
107296118383
561459710808
406100869494
500042794343
474329873030
219111653939
157096013232
233300191616
718247376868
810342052020
220271535050
365538319595
435419040101
369428610202
828793603636
795359660202
785143315656
348356804949
374121990909
533225749191
845286884343
455782080808
298419020404
473551874242
725743901919
494999880303
993368592727
012326114343
563610926666
854722672727
139693800202
047952723434
027239532121
576332383939
792772678484
647621756363
817062281515
179596418181
930902790808
201976521616
952336990404
922789831919
480060670606
293558564646
414281668686
427961346464
136748047070
838181393737
358541140101
408019051313
139566918282
665884741919
620010600303
054871433636
439509549898
479135523434
147516728080
826124603232
272723211919
121370061111
773600311313
687006417676
182761811515
862623726464
456207284545
280977622727
124906700707
513783928383
718849089090
208745264040
402520486464
606397793434
450695057070
045969454141
646475581010
397172724343
924451764343
503854951818
578325897474
136880994040
576584140707
640469678181
861737411919
924639470505
281519356060
436081880808
346940110202
776736135252
725144475050
952025388585
613680441616
711789290000
514020634646
575624678181
283270512828
217561481515
325784171919
515692039191
700442552323
935557872323
200557787575
733008781414
695048440202
961132668080
787072958585
478292268282
566953375050
093423785454
858247594949
273959726060
132416114747
777020508888
546337424040
802825679393
067432860404
172516291010
464881154949
138037637171
720431676767
282856899999
722786201010
734080913636
925931057575
642017033535
899392666767
640011316363
332342180909
245399710707
683235618080
648641576767
102525045757
859374861818
935479485353
307736326161
194513860303
890351291919
059564838282
114508201616
163862370909
906398641515
118198650808
336650333232
832760808080
821867153333
632370254848
578165182727
398174175252
449554151919
251129890303
375741855252
404885941111
782295667575
939921132929
020484280808
015219904343
895950148787
176159642828
511157702323
946381060909
315659180808
360149734040
179347388181
904576932626
824910518787
868069393333
800765201818
376982790202
345635990000
222249141919
977656304646
995408340606
856582265151
824296773030
981074916868
213792377070
985925369494
991749420000
532038647171
795756333030
265231039090
284021787676
708542506161
820738425050
819124399999
192029643030
486764820505
749658580707
796787148383
470555870707
612282365757
472598714646
820788471010
530486703030
114017620000
930078471313
637937030808
341816505858
748385630000
452884890303
508116797979
402031766060
553254399494
811072446363
328769813030
204390023131
705483743333
675567936969
927211360101
016161169090
411698400000
452046318484
099747580303
349686235757
283009772424
881084685656
371922515757
632188175454
575965767878
352895589090
841370683939
955005600707
526886362020
098421532626
222101534343
610670626868
937825900606
161314838383
622455584949
135349258686
920951441515
467819151717
822976126969
618135042828
090695183333
227296726969
267433819090
812014792626
448705920808
961355588181
901271591010
239769870707
811549368989
119239426161
723053460707
993263532222
296605762727
727897251414
241801578888
882180214747
361679437878
958211349090
224239158888
935724407070
649327247979
597174830000
032899558787
811560537272
696960150101
657239285151
811778614848
842845567171
270020697979
717069583636
272599966363
613987047373
507651873838
794242455959
539303312323
082529150000
723572394343
308591533535
054180446969
663270890101
635909566666
937645187676
339102057575
725794819696
321135207878
620118520909
272266360000
139194203232
350929650808
330482677070
491626699696
332610559494
378697083939
738160491313
994858919191
521611928383
594060044848
122106731010
202909752525
894052577272
238567085858
277960552727
938120686969
519397416868
791617212525
781503051212
405140866868
700952477070
480424556666
850600581616
851249828888
186952076363
008547700101
768817142121
583475337373
629224296464
778487133030
699072611212
154745501111
966481151212
878949248282
638005330202
539949982525
520657863838
035532734848
276017470000
440305945252
629790571010
204114155252
685317716363
800707436262
596736110303
735347004242
744486651010
336238132222
698537123737
254054996363
163376614040
995157979797
889048710000
708726677676
702890589898
302407823939
256035616868
649188777878
687162009797
848863167070
289346010000
200317989797
818682681414
564529612323
246827196868
415521886565
178978797575
856427494545
546016714747
844781116060
226271207070
430206910404
446004830202
449394666565
355620700202
576245128686
799269055454
860684713232
230735730101
624390724040
075343579090
582585912626
144621706464
616953580606
850673630808
274984883838
586836080000
963588878686
570752618080
167369600808
681647205050
288380179999
828822714343
921708652323
860028810000
842395468787
315107876666
716380997676
970099804141
181688527878
617946692929
893812617373
509440969999
082378410000
027732905757
734443100909
683433249090
120294887575
875758814343
652429176464
480466068585
007172014242
921539437474
969185424040
892875216161
385725180808
110496531212
769839854040
397288190909
659127772020
709835187777
033908295555
048611271212
160077299696
676252327070
332332502626
789672334040
266015745151
086097113636
823241655151
981171950101
624760547575
719487058787
540239777979
305049133434
051700997171
557426927272
244288460808
217202312222
003835268383
780412930000
465061253232
742233672020
053301558080
513496800404
113648615757
403122070707
969131765151
690753271818
115538583434
364872163939
111951937777
676230266666
008572477070
284340879494
424589120404
837484648080
663876937979
520163878686
167485770505
446031388282
755385351717
965345415959
094224066363
414656899696
958740962929
568503763232
922043846666
500569079696
760891526363
185962514949
829407365858
075482152626
744120132020
318516422727
327003210202
937569886060
494146091919
975876900707
132386539191
321181640303
649098166666
233389496767
294119296969
440567660808
786430111717
900923202424
365969404141
074373556565
046549085454
933161410202
249199433737
547885520000
540010782424
692232701111
596022684343
517896679393
590941681111
845673574040
274416188080
181570964949
336429679292
525055991212
901789625151
168557852525
262846339595
075591710404
864406893535
463842020707
086952780000
772831941717
362684129696
587830776060
468308924242
921626011313
828448602222
581530437272
270418916666
781312379696
908334340505
238206390505
529338818888
990141821515
535576672020
376726424949
701275132929
046732340202
128154514343
620641598080
490257586262
192737543333
728551890505
272333853030
358993963737
392282469494
412949370202
192262274141
086680063535
090914209494
830301705050
866217662121
546431528787
002305840505
712401626060
230013852020
771230429999
360291230303
694594445555
501159517373
043834055353
307928597676
557265150909
216637346666
843852404040
713624441111
670308728080
909494680808
951738197676
640416730101
216006840303
552593702424
172024190303
282285302727
789696416868
498252244444
244838657272
186834950000
605887629191
252865517070
518521297070
024753005656
594422424646
726851920707
571218784848
622144570101
051518808888
584287916060
546440546666
688930631616
399905913030
094810599494
989523949393
135293743030
333579697070
059171648080
951059368383
858394675858
451819414040
619832761111
621136980909
153323744848
645403755555
747299517070
032340919090
076605622626
311390678787
952368311919
420333831919
246591733939
361472007575
208949671010
261081160909
855201669090
018352332424
356102791010
033057713939
361906541010
732359411010
837869608484
135219628282
663809603333
202791512323
722312646363
203489074040
559774520505
360713860505
009942021919
272669887979
970990044343
986594481111
115133361010
120982904141
999054928484
381541407979
796153663636
011613779999
877029065858
150639734040
368767598282
